1774471623147 0.25697 0
1774472151357 0.33621 1
1774472668290 0.41332 2
1774473182765 0.4168 3
1774473696056 0.46502 4
1774474208938 0.48923 5
1774474722657 0.5045 6
1774475234348 0.51516 7
1774475751866 0.53387 8
1774476266205 0.52907 9
1774476784293 0.54117 10
1774477300755 0.54638 11
1774477814030 0.56921 12
1774478325273 0.58643 13
1774478836026 0.58549 14
1774479347651 0.58162 15
1774479861163 0.59891 16
1774480372221 0.61316 17
1774480885147 0.61412 18
1774481396456 0.61767 19
1774481908178 0.62572 20
1774482421334 0.62955 21
1774482934780 0.63257 22
1774483449657 0.63554 23
1774483961837 0.63799 24
1774484475951 0.64099 25
1774484987763 0.64364 26
1774485501728 0.64583 27
1774486015203 0.64838 28
1774486528471 0.65013 29
1774487041736 0.65175 30
1774487555439 0.65374 31
1774488071745 0.65556 32
1774488586357 0.65748 33
1774489101960 0.65921 34
1774489617085 0.66078 35
1774490133354 0.66279 36
1774490648639 0.66469 37
1774491163881 0.66612 38
1774491680507 0.66814 39
1774492211758 0.66978 40
1774492715545 0.67301 41
1774493219349 0.67621 42
1774493726742 0.67977 43
1774494230648 0.68357 44
1774494735208 0.68702 45
1774495240715 0.69067 46
1774495744387 0.69386 47
1774496251447 0.69713 48
1774496757565 0.70015 49
1774496797709 0.7001139113174079 49
