1774471623147 0.15958 0
1774472151357 0.22301 1
1774472668290 0.28004 2
1774473182765 0.29707 3
1774473696056 0.33514 4
1774474208938 0.34871 5
1774474722657 0.35751 6
1774475234348 0.36436 7
1774475751866 0.38706 8
1774476266205 0.37949 9
1774476784293 0.39113 10
1774477300755 0.39506 11
1774477814030 0.41238 12
1774478325273 0.42647 13
1774478836026 0.42499 14
1774479347651 0.42156 15
1774479861163 0.43734 16
1774480372221 0.4513 17
1774480885147 0.45286 18
1774481396456 0.45606 19
1774481908178 0.46146 20
1774482421334 0.46523 21
1774482934780 0.46691 22
1774483449657 0.47067 23
1774483961837 0.47406 24
1774484475951 0.47686 25
1774484987763 0.47947 26
1774485501728 0.48195 27
1774486015203 0.48416 28
1774486528471 0.48625 29
1774487041736 0.48801 30
1774487555439 0.48941 31
1774488071745 0.49066 32
1774488586357 0.49216 33
1774489101960 0.49391 34
1774489617085 0.49528 35
1774490133354 0.49689 36
1774490648639 0.49804 37
1774491163881 0.49937 38
1774491680507 0.501 39
1774492211758 0.50267 40
1774492715545 0.50534 41
1774493219349 0.50798 42
1774493726742 0.51075 43
1774494230648 0.51429 44
1774494735208 0.51743 45
1774495240715 0.52019 46
1774495744387 0.52307 47
1774496251447 0.52561 48
1774496757565 0.5283 49
1774496797709 0.5282327090552598 49
