1774471623147 0.49208 0
1774472151357 0.56392 1
1774472668290 0.73842 2
1774473182765 0.74966 3
1774473696056 0.83594 4
1774474208938 0.87626 5
1774474722657 0.87166 6
1774475234348 0.85378 7
1774475751866 0.89072 8
1774476266205 0.84896 9
1774476784293 0.8703 10
1774477300755 0.88002 11
1774477814030 0.86846 12
1774478325273 0.87693 13
1774478836026 0.87252 14
1774479347651 0.85263 15
1774479861163 0.88389 16
1774480372221 0.88846 17
1774480885147 0.87724 18
1774481396456 0.87272 19
1774481908178 0.84981 20
1774482421334 0.85762 21
1774482934780 0.85219 22
1774483449657 0.86021 23
1774483961837 0.86105 24
1774484475951 0.86681 25
1774484987763 0.85446 26
1774485501728 0.85402 27
1774486015203 0.85157 28
1774486528471 0.83724 29
1774487041736 0.83293 30
1774487555439 0.82587 31
1774488071745 0.8371 32
1774488586357 0.83376 33
1774489101960 0.83857 34
1774489617085 0.8399 35
1774490133354 0.8324 36
1774490648639 0.83022 37
1774491163881 0.83022 38
1774491680507 0.83422 39
1774492211758 0.82973 40
1774492715545 0.83196 41
1774493219349 0.83688 42
1774493726742 0.8359 43
1774494230648 0.83822 44
1774494735208 0.83265 45
1774495240715 0.8347 46
1774495744387 0.83414 47
1774496251447 0.83773 48
1774496757565 0.83924 49
1774496797709 0.8371290453857659 49
