1774471623147 0.27119 0
1774472151357 0.31049 1
1774472668290 0.39651 2
1774473182765 0.40925 3
1774473696056 0.41018 4
1774474208938 0.42817 5
1774474722657 0.43958 6
1774475234348 0.45104 7
1774475751866 0.45027 8
1774476266205 0.46218 9
1774476784293 0.46479 10
1774477300755 0.46322 11
1774477814030 0.47598 12
1774478325273 0.48172 13
1774478836026 0.48326 14
1774479347651 0.48903 15
1774479861163 0.48845 16
1774480372221 0.48809 17
1774480885147 0.49284 18
1774481396456 0.49563 19
1774481908178 0.51136 20
1774482421334 0.51224 21
1774482934780 0.51735 22
1774483449657 0.51686 23
1774483961837 0.51975 24
1774484475951 0.51995 25
1774484987763 0.52628 26
1774485501728 0.53081 27
1774486015203 0.53413 28
1774486528471 0.54112 29
1774487041736 0.54242 30
1774487555439 0.54545 31
1774488071745 0.54427 32
1774488586357 0.54813 33
1774489101960 0.54937 34
1774489617085 0.55181 35
1774490133354 0.55609 36
1774490648639 0.55842 37
1774491163881 0.56128 38
1774491680507 0.56102 39
1774492211758 0.56288 40
1774492715545 0.56574 41
1774493219349 0.56892 42
1774493726742 0.57398 43
1774494230648 0.57934 44
1774494735208 0.58505 45
1774495240715 0.58874 46
1774495744387 0.59202 47
1774496251447 0.59619 48
1774496757565 0.60027 49
1774496797709 0.6014080884677643 49
