1774471572290 0.06700983606557377 0
1774472103651 0.03399663803278688 1
1774472620403 0.0009702399999999972 2
1774473135328 0.0009406 3
1774473648794 0.0009208 4
1774474161394 0.000901 5
1774474674630 0.0008812 6
1774475186865 0.0008614 7
1774475704428 0.0008416000000000001 8
1774476218656 0.0008218000000000001 9
1774476737737 0.0008020000000000001 10
1774477252703 0.0007822 11
1774477767376 0.0007624 12
1774478278076 0.0007426 13
1774478788483 0.0007228 14
1774479301001 0.000703 15
1774479813849 0.0006831999999999999 16
1774480325900 0.0006633999999999999 17
1774480838160 0.0006436 18
1774481349605 0.0006238 19
1774481860916 0.000604 20
1774482374361 0.0005842000000000001 21
1774482887481 0.0005644000000000001 22
1774483402449 0.0005446000000000001 23
1774483914937 0.0005248000000000001 24
1774484429034 0.000505 25
1774484941594 0.0004852 26
1774485454806 0.0004654 27
1774485967630 0.00044559999999999993 28
1774486481113 0.00042580000000000005 29
1774486994454 0.00040600000000000006 30
1774487508347 0.0003862 31
1774488024901 0.0003664 32
1774488538446 0.00034659999999999997 33
1774489054781 0.0003268 34
1774489569933 0.00030700000000000004 35
1774490085401 0.00028720000000000004 36
1774490601691 0.00026740000000000005 37
1774491116642 0.0002476 38
1774491633261 0.00022779999999999998 39
1774492164375 0.00020799999999999996 40
1774492667833 0.00018820000000000008 41
1774493172396 0.00016840000000000005 42
1774493679015 0.0001486 43
1774494183465 0.00012880000000000001 44
1774494688004 0.00010899999999999998 45
1774495193421 8.919999999999996e-05 46
1774495697711 6.940000000000005e-05 47
1774496203487 4.960000000000004e-05 48
1774496710029 2.9800000000000023e-05 49
