1774471572290 2.56377 0
1774472103651 2.28942 1
1774472620403 2.17292 2
1774473135328 2.08482 3
1774473648794 2.00739 4
1774474161394 1.96048 5
1774474674630 1.91189 6
1774475186865 1.87072 7
1774475704428 1.84246 8
1774476218656 1.81235 9
1774476737737 1.79755 10
1774477252703 1.76132 11
1774477767376 1.73837 12
1774478278076 1.73657 13
1774478788483 1.69941 14
1774479301001 1.69071 15
1774479813849 1.67582 16
1774480325900 1.65709 17
1774480838160 1.64866 18
1774481349605 1.63945 19
1774481860916 1.62141 20
1774482374361 1.61241 21
1774482887481 1.60817 22
1774483402449 1.59285 23
1774483914937 1.58436 24
1774484429034 1.5765 25
1774484941594 1.55896 26
1774485454806 1.54805 27
1774485967630 1.54604 28
1774486481113 1.53399 29
1774486994454 1.52295 30
1774487508347 1.51764 31
1774488024901 1.50727 32
1774488538446 1.49813 33
1774489054781 1.49374 34
1774489569933 1.48685 35
1774490085401 1.48009 36
1774490601691 1.47665 37
1774491116642 1.46056 38
1774491633261 1.45941 39
1774492164375 1.21461 40
1774492667833 1.18833 41
1774493172396 1.17444 42
1774493679015 1.16237 43
1774494183465 1.15399 44
1774494688004 1.14068 45
1774495193421 1.13652 46
1774495697711 1.12205 47
1774496203487 1.11431 48
1774496710029 1.1089 49
