1774471572290 3.55694 0
1774472103651 2.80355 1
1774472620403 2.50318 2
1774473135328 2.33571 3
1774473648794 2.17968 4
1774474161394 2.07848 5
1774474674630 1.98916 6
1774475186865 1.92169 7
1774475704428 1.87017 8
1774476218656 1.80561 9
1774476737737 1.78677 10
1774477252703 1.72458 11
1774477767376 1.6975 12
1774478278076 1.66897 13
1774478788483 1.63573 14
1774479301001 1.61948 15
1774479813849 1.59271 16
1774480325900 1.57029 17
1774480838160 1.54419 18
1774481349605 1.53651 19
1774481860916 1.51376 20
1774482374361 1.50181 21
1774482887481 1.48607 22
1774483402449 1.47154 23
1774483914937 1.45031 24
1774484429034 1.44029 25
1774484941594 1.42125 26
1774485454806 1.40848 27
1774485967630 1.4014 28
1774486481113 1.39265 29
1774486994454 1.38719 30
1774487508347 1.36282 31
1774488024901 1.36148 32
1774488538446 1.34999 33
1774489054781 1.34315 34
1774489569933 1.32393 35
1774490085401 1.32155 36
1774490601691 1.32448 37
1774491116642 1.29862 38
1774491633261 1.3016 39
1774492164375 1.00628 40
1774492667833 0.97697 41
1774493172396 0.96499 42
1774493679015 0.94747 43
1774494183465 0.93862 44
1774494688004 0.92205 45
1774495193421 0.91001 46
1774495697711 0.90385 47
1774496203487 0.88983 48
1774496710029 0.8871 49
