1774471572290 0.00706 0
1774472103651 0.00597 1
1774472620403 0.00543 2
1774473135328 0.00516 3
1774473648794 0.00488 4
1774474161394 0.00463 5
1774474674630 0.00443 6
1774475186865 0.00431 7
1774475704428 0.00426 8
1774476218656 0.0041 9
1774476737737 0.00402 10
1774477252703 0.00392 11
1774477767376 0.00388 12
1774478278076 0.00384 13
1774478788483 0.00373 14
1774479301001 0.0037 15
1774479813849 0.00364 16
1774480325900 0.00359 17
1774480838160 0.00353 18
1774481349605 0.00354 19
1774481860916 0.00348 20
1774482374361 0.00344 21
1774482887481 0.0034 22
1774483402449 0.00339 23
1774483914937 0.00335 24
1774484429034 0.00331 25
1774484941594 0.00326 26
1774485454806 0.00324 27
1774485967630 0.00321 28
1774486481113 0.0032 29
1774486994454 0.00316 30
1774487508347 0.00313 31
1774488024901 0.00312 32
1774488538446 0.00308 33
1774489054781 0.00308 34
1774489569933 0.00304 35
1774490085401 0.00302 36
1774490601691 0.00302 37
1774491116642 0.00296 38
1774491633261 0.00297 39
1774492164375 0.00257 40
1774492667833 0.0025 41
1774493172396 0.00245 42
1774493679015 0.00241 43
1774494183465 0.00238 44
1774494688004 0.00234 45
1774495193421 0.00232 46
1774495697711 0.00228 47
1774496203487 0.00226 48
1774496710029 0.00224 49
